0.628416699334 0.403963035728
0.643968159324 0.577164782476
0.306879137591 0.694246064618
0.314417855816 0.522240381752
0.124259481194 0.159872382416
0.000955937356423 0.826773646379
0.809043207082 0.734906950745
0.77600413619 0.773494542164
0.575718506276 0.669398206491
0.305099249804 0.678248333375
0.946511162932 0.719512111511
0.515121225309 0.886260877524
0.363054516687 0.635314480496
0.370089683454 0.925308036974
0.231661401104 0.564144870468
0.703786072511 0.869830419618
0.836153256436 0.300214186276
0.0333324218578 0.233961653764
0.0985838199417 0.163554493268
0.196449369912 0.247263339521
0.772531960576 0.825634223411
0.381838398089 0.380129307624
0.649821059532 0.733931764629
0.798556070748 0.90464006954
0.863500149932 0.876316818057
0.0355322172972 0.897458067765
0.688229109669 0.613839141507
0.485375360842 0.88579852052
0.876830655409 0.75825545845
0.423939422711 0.756720552224
0.464757046569 0.730752545007
0.416290833158 0.0102341909307
0.200240432679 0.351264735011
0.583928076256 0.440576984573
0.861727992361 0.0954944887961
0.863612526514 0.53496298611
0.8199316628 0.162919062141
0.521390953569 0.260668858511
0.308161346893 0.459972207644
0.294805330286 0.0493636216036
0.919838357535 0.619223404359
0.596761301991 0.894440600164
0.601348218148 0.105753499852
0.503026452304 0.752670703805
0.732770935234 0.204501898728
0.880301029821 0.914503535772
0.352845868168 0.957787972964
0.634684134859 0.110485336518
0.337635387318 0.536264004392
0.707980614303 0.989684912519
0.440215886288 0.908211316656